1566086358
1525886404
1549147609
1587967913
1507002531
1614912539
1588902300
1531609242
1512137076
1574876239
1549245319
1584546056
1564009697
1571166403
1573106433
1571819253
1553122973
1597871379
1583636854
1518436181
1599433823
1569818615
1514251009
1538687637
1528800085
1552413805
1497400764
1513456187
1521541203
1597632832
1597479781
1549908496
1562122573
1554720165
1603754424
1543202522
1579095291
1573151403
1511730082
1603472394
1563600896
1576333587
1582218469
1528997996
1509615436
1540554534
1504783589
1528597254
1568404343
1615935081
1518537857
1569460707
1558984015
1562389016
1600082517
1609754605
1613412696
1514253271
1509905011
1536572961
1577210324
1514626806
1597114230
1518421159
1527289430
1585859817
1589158575
1606742642
1578705897
1572924793
1515136564
1607266543
1596314205
1563654752
1537672702
1567761325
1503110482
1588449421
1551091367
1531493849
1541828821
1539796819
1556712436
1612953361
1619014770
1514238555
1576058605
1528342377
1509981721
1593203685
1530043354
1595274848
1517665992
1577769605
1587681715
1617759491
1523054596
1602408669
1529479715
1541437445
1558629939
1569617067
1502891218
1604583466
1503257089
1572572128
1506215870
1605798085
1547487910
1560339397
1616452809
1594599177
1612055854
1536145756
1610378104
1601499292
1614530389
1600888211
1612882612
1536045385
1579117854
1510270544
1514767506
1547812202
1529977268
1569222675
1546096739
1560281672
1611861256
1528741145
1515704485
1566163204
1593863523
1566617489
1542461512
1557229092
1550722129
1511209616
1507764924
1499614469
1529117456
1590607852
1612800867
1517678463
1513244276
1531045745
1575325391
1581463011
1535592842
1499764041
1585774534
1510775166
1603168480
1508369081
1529103240
1497472595
1546931868
1583133074
1510533931
1548127826
1555851911
1494508323
1516889598
1498578181
1595164307
1576932244
1575757038
1506283723
1569091795
1540223371
1538622046
1564507533
1526035903
1555332668
1504307117
1550567348
1569109937
1599246632
1523306260
1549288963
1578456570
1558612406
1597853223
1609497071
1569156009
1557126947
1529016540
1520403667
1505915686
1554542313
1555556912
1585280904
1616100652
1524415837
1506790876
1554714732
1499291487
1591916666
1606984922
1550869718
1517323776
1573575458
1494642415
1587341750
1618400599
1567241404
1603277060
1609781574
1583143976
1596557981
1527621600
1584487272
1587752881
1541274617
1527270489
1618364930
1580667324
1532667445
1588065216
1504673247
1540718091
1593123555
1586208974
1557778781
1592179271
1600369588
1571565817
1546134019
1524976302
1547141324
1508542395
1558763652
1545094223
1546604957
1507709707
1575403548
1554352807
1559140856
1555585982
1516839968
1498480949
1494488851
1559464810
1534197472
1547028565
1604195834
1549443215
1617480473
1519412277
1502451107
1618362701
1581615687
1495903471
1560970896
1495333401
1555652539
1598264961
1556245333
1525231532
1616911207
1519446803
1578794118
1530373925
1511147835
1572262695
1519653863
1526752289
1604730838
1593376486
1515815461
1574706346
1499740368
1598793508
1521457393
1506283788
1597466270
1525028399
1507833024
1536045564
1529063153
1511144396
1597339282
1570377673
1562640588
1506872300
1519227925
1569404130
1547114818
1617120981
1590920717
1527110517
1513243856
1544289171
1581450189
1561720503
1533276486
1618412549
1539408651
1494944934
1547510265
1598907930
1557342100
1589013588
1519511652
1520729983
1615178518
1549816045
1540233947
1505327285
1573935579
1562226607
1585126635
1583853286
1542090147
1579820093
1546290378
1506068671
1572543469
1523142728
1571244092
1551721510
1604115005
1558662839
1538460802
1521487994
1528680721
1524730775
1599099374
1535326883
1517419975
1517070327
1533782440
1494293998
1556291424
1546450019
1495043241
1614161836
1496711245
1534460111
1610039631
1553949762
1535762928
1505233803
1588929561
1605695091
1610095059
1547268268
1596142184
1600969125
1553168635
1581452529
1522527087
1591667669
1564031222
1578319543
1515733106
1524712625
1592678206
1583318200
1588929979
1575856630
1546701254
1508544757
1502181033
1605297877
1514472180
1603232125
1554319261
1562649135
1613559037
1519181568
1601457634
1575104858
1581070572
1497645608
1611093069
1602519581
1559993852
1583764873
1563319920
1502215886
1558251353
1515031627
1616093878
1605474958
1550018549
1592359181
1567693000
1608124303
1527553983
1552327298
1604394332
1496772704
1495441296
1596665805
1549990678
1599499188
1518052506
1616155969
1562769525
1540854521
1547166625
1546697035
1591598435
1609319661
1500714517
1594969387
1515284887
1525417365
1557061063
1519348119
1619327692
1558610074
1604904731
1577055065
1524944275
1599693536
1561623506
1601714153
1520122888
1568922719
1613449769
1560721648
1523944041
1556611117
1574375698
1536048625
1529131128
1541334957
1533289274
1595091387
1556039137
1517500950
1546137358
1568148510
1607201299
1508730349
1604830358
1503583494
1500610216
1589536413
1615309638
1548007388
1556482318
1585782340
1497741735
1613480175
1582692236
1550393831
1503676384
1612362411
1609769131
1591667232
1543212731
1515967785
1562325876
1602278525
1548569856
1555690460
1564372021
1577736672
1598706416
1516884004
1614746045
1599469037
1565859564
1557025321
1593152177
1518599038
1543009342
1546890689
1521794597
1536196228
1556248472
1539521452
1534142053
1618109887
1604958586
1598305398
1504044212
1516104878
1553547769
1616310282
1598407327
1508740366
1531371508
1582177145
1521570846
1561125756
1498670429
1558110161
1528972114
1607793026
1599481723
1579982056
1556709837
1557524408
1588766829
1590826212
1577518640
1570428094
1560163853
1601114262
1539031426
1544049078
1603878898
1527823255
1592233404
1517317029
1601903626
1599626992
1598010444
1579607979
1548854341
1506660492
1596219226
1605656866
1587073715
1545186550
1577552138
1580814098
1619082653
1567457755
1562708400
1552746425
1585532488
1607750227
1503835478
1525763111
1586179911
1549849262
1547089678
1495960861
1560513260
1590034451
1555396386
1567275827
1545034780
1504881701
1589207765
1619221155
1529587134
1538611906
1554594130
1505769600
1586563118
1527343139
1505574876
1552191198
1537796040
1587067123
1533337757
1495422071
1559882466
1562577479
1619661374
1511140043
1620021621
1565217689
1524486284
1547843254
1532357734
1613062960
1575793047
1508821666
1515399606
1557485963
1573959228
1503123544
1522323210
1614956155
1523560721
1497185220
1606823079
1555333480
1534333537
1551623418
1584221767
1528816350
1574263758
1563378021
1508667950
1557535960
1617966355
1500121923
1527465303
1572567545
1576766993
1499174045
1511284529
1568166741
1508274830
1596455150
1552477233
1602493846
1547545573
1503715547
1494466757
1517910028
1583084020
1553814173
1597803323
1520161544
1592465352
1609668441
1533610132
1522001409
1503913592
1542664926
1536203292
1506133341
1550771962
1507603360
1571021584
1577106027
1508642043
1505813595
1582383172
1598688848
1570933999
1497258276
1516081298
1544933719
1558856128
1611775627
1543763016
1561059446
1557179521
1589091328
1608201266
1577870792
1566359391
1528721416
1596310953
1537094799
1560811359
1547848270
1616625597
1521718306
1601524267
1522543668
1590750826
1561641021
1547718956
1550806303
1587103215
1614917789
1588549017
1561993812
1569102466
1516075191
1615383485
1519224115
1525215311
1515643690
1571539452
1578972213
1612898314
1527775003
1593232751
1568996109
1517436906
1542793199
1607957267
1548737114
1617106996
1531101886
1598546373
1607702465
1522824938
1526845322
1512642004
1498415636
1618120247
1586107327
1570332675
1500609706
1560814870
1594208504
1565970139
1504307504
1528108016
1585278033
1508928054
1606847594
1587312295
1592815802
1584477964
1580975367
1523762678
1611475298
1584504207
1496263012
1579983871
1499688460
1589651652
1557779739
1546822862
1602459920
1525136026
1592299999
1510107905
1560588519
1506443330
1608207544
1614831019
1551169179
1593040424
1568262970
1589027728
1573184926
1564304266
1609937141
1614590998
1592415807
1501194375
1589711420
1505734387
1548192135
1501426049
1545907184
1588445494
1532929750
1582312297
1616750799
1505313872
1517018377
1539023719
1508204833
1601532222
1517290863
1583325362
1506999408
1502645310
1524997321
1556848070
1599691684
1581919539
1568645192
1590428075
1535849661
1533702073
1579792829
1576507206
1575672524
1553019810
1555483075
1524626157
1541394095
1547395011
1616359178
1592420966
1547122888
1496974418
1617794953
1588877679
1496630978
1537245067
1554790063
1585587044
1570926373
1610874913
1502281177
1586653723
1514693025
1576037801
1558250610
1507054458
1617213663
1571361691
1502774274
1610609573
1529245801
1606622854
1522698718
1525820106
1516375368
1596711059
1607568014
1537696945
1518535125
1609247690
1587852482
1600439898
1518483388
1545466498
1582116130
1538850790
1520077874
1571524649
1532948280
1526037026
1554951349
1585185893
1545777361
1612509556
1567722404
1532815882
1584883000
1540145950
1612414832
1584230717
1509695534
1595809160
1561170509
1511861711
1527158618
1518819405
1513893603
1583302223
1536591535
1614520800
1544953155
1525240519
1583801530
1526530598
1603007185
1574482808
1580650306
1613072295
1615417972
1598973283
1596370350
1500409401
1579277247
1584294372
1509309570
1599297029
1567076632
1574777301
1578814178
1550429606
1517943412
1510182671
1582316188
1552691609
1599084593
1561706801
1562555179
1497951321
1583497334
1519300231
1543008471
1606608530
1521783846
1528954621
1496040538
1586791780
1612522008
1603255574
1534303945
1527831456
1564816464
1545759869
1609472257
1576200074
1556464959
1505699369
1573057312
1553251118
1548502083
1515685628
1498617434
1605484973
1497434867
1501703851
1524549941
1519106275
1604501009
1586515516
1575260195
1588224778
1519980332
1598879065
1571163675
1611837652
1606561324
1557154483
1554167566
1612193567
1556429116
1606409818
1592115421
1617085288
1530110281
1504609731
1608084550
1575331713
1544071617
1611296510
1605718878
1578872675
1577711211
1586898691
1603943201
1519300432
1586960377
1524381778
1561579336
1607479284
1574601713
1508935110
1617826361
1546706658
1505095077
1559141506
1556020413
1597669327
1554347220
1554482586
1532197735
1599664608
1560648970
1554947812
1523269576
1499102141
1551548005
1565350823
1560925179
1608172522
1582169233
1556153728
1582884405
1552199520
1538340383
1516442417
1514358479
1496721654
1554808811
1574777776
1499624833
1592192813
1576475546
1598804441
1603127329
1587563226
1529359839
1585829115
1518259813
1531646563
1528408036
1592592431
1568152807
1594149152
1615771108
1526174560
1560923154
1508438470
1568265549
1511865859
1570154196
1610191425
1516379465
1584616520
1620466350
1591706254
1528950193
1603744768
1581881328
1599024312
1599938280
1597993472
1498274281
1506278589
1554034724
1597391260
1505060635
1593668532
1619711443
1530918070
1569857948
1529945742
1516434278
1560949817
1589834034
1564368044
1603315700
1506896834
1503602365
1558472363
1525939337
1556859036
1588407352
1582252057
1529671660
1530280197
1521843187
1606488716
1515576567
1519389520
1534101637
1550051241
1546258914
1596761822
1589485301
1616727690
1547536952
1533767849
1549446954
1569056719
1609788208
1515069576
1529053018
1564975451
1613492764
1591500254
1597301327
1591709990
1585657540
1610104043
1586684020
1570489644
1512161953
1546687787
1548031344
1529217589
1619170875
1551218085
1585549525
1520612071
1537147817
1551026682
1615538209
1502402871
1587136882
1575898387
1597909081
1609891122
1515893925
1527691963
1606249141
1611217590
1514360234
1540017360
1589446355
1571116359
1534081630
1552973230
1580093165
1601223235
1539491665
1572603343
1516600410
1593686660
1605249381
1543133692
1560078323
1619481186
1504006997
1549403966
1540668204
1547489187
1559219649
1523008532
1599675681
1620472409
1562832612
1603588100
1514660381
1553395294
1573784448
1566022739
1558361616
1593969967
1609975804
1516570920
1580519900
1609897877
1617452049
1543344479
1614895317
1549678075
1502253398
1521081321
1508218256
1553358308
1585551809
1536283203
1610938319
1549509691
1548216173
1532416913
1533833780
1566479025
1562957671
1620215841
1495028665
1560793629
1545300708
1545270149
1535645215
1563291415
1618930588
1612777455
1523216041
1579910179
1567200705
1548570481
1513469223
1502101355
1589773583
1607032626
1595357783
1524873717
1496895014
1594448559
1609019237
1606517538
1573827138
1581585627
1565725509
1498242299
1603521975
1618517131
1571763290
1511012121
1497723881
1515209404
1500143451
1538596055
1497132214
1607940721
1549847276
1563645251
1566759253
1606491869
1588214604
1570213162
1556603920
1497518145
1579719051
1541353960
1499930431
1587115826
1613259223
1579823664
1553564928
1546079373
1590858170
1528330068
1565525226
1592100000
1615276209
1544760173
1542767765
1543804722
1612802450
1527153762
1550855896
1590502602
1591428633
1514327921
1594456658
1601691708
1598124667
1583279969
1584979609
1613627872
1521533298
1553662065
1523863613
1580405174
1535402562
